rgba(17,87,10,0)
rgba(37,104,10,16)
rgba(176,124,34,146)
rgba(166,157,54,162)
rgba(127,11,247,239)
rgba(134,97,86,255)
rgba(137,70,215,255)
rgba(14,109,169,255)
rgba(174,72,6,255)
rgba(178,147,166,255)
rgba(201,39,212,255)
rgba(21,64,72,255)
rgba(224,42,103,255)
rgba(234,213,143,255)
rgba(235,69,95,255)
rgba(244,219,140,255)
rgba(248,179,102,255)
rgba(255,40,203,255)
rgba(43,83,236,255)
rgba(52,105,239,255)
rgba(6,120,6,255)
rgba(62,28,225,255)
rgba(62,86,139,255)
rgba(68,153,158,255)
rgba(77,57,54,255)
rgba(17,87,10,0)
rgba(37,104,10,16)
rgba(176,124,34,146)
rgba(166,157,54,162)
rgba(127,11,247,239)
rgba(134,97,86,255)
rgba(137,70,215,255)
rgba(14,109,169,255)
rgba(174,72,6,255)
rgba(178,147,166,255)
rgba(201,39,212,255)
rgba(21,64,72,255)
rgba(224,42,103,255)
rgba(234,213,143,255)
rgba(235,69,95,255)
rgba(244,219,140,255)
rgba(248,179,102,255)
rgba(255,40,203,255)
rgba(43,83,236,255)
rgba(52,105,239,255)
rgba(6,120,6,255)
rgba(62,28,225,255)
rgba(62,86,139,255)
rgba(68,153,158,255)
rgba(77,57,54,255)
